#l	kn	wo	ho	t	kh	kw	ci	wi	hi
#1	4	4	4	1	1	1	16	4	4
#1	32	4	4	1	1	1	32	4	4
#1	64	8	8	1	1	1	64	8	8
#1	128	8	8	1	1	1	128	8	8
#1	4	4	4	1	1	1	16	4	4
#1	4	4	4	1	1	1	18	4	4
#1	4	4	4	1	1	1	10	4	4
#1	4	4	4	1	1	1	21	4	4
#1	64	4	4	1	1	1	16	4	4
#1	64	4	4	1	1	1	17	4	4
#1	4	4	4	1	1	1	18	4	4
#1	8	4	4	1	1	1	16	4	4
#1	8	4	4	1	1	1	15	4	4
#1	8	4	4	1	1	1	3	4	4
#1	8	4	4	1	1	1	16	4	4
#1	16	8	8	1	1	1	32	8	8
#1	8	4	4	1	1	1	18	4	4
#1	4	4	4	1	1	1	18	4	4
#1	4	8	8	1	1	1	18	8	8
#1	4	4	4	1	1	1	19	4	4
1	64	112	112	1	7	7	3	224	224
3	8	4	4	1	3	3	64	4	4
3	64	56	56	1	3	3	64	56	56
#1	2	4	4	1	1	1	16	4	4
#1	4	4	4	1	1	1	16	4	4
#1	12	4	4	1	1	1	16	4	4
#1	10	4	4	1	1	1	16	4	4
#1	1	4	4	1	1	1	16	4	4
#1	4	6	6	1	1	1	16	6	6
#1	4	6	6	1	1	1	17	6	6
